HSV: [[[  0   0 255]
  [  0   0 255]
  [  0   0 255]
  ...
  [  0   0 255]
  [  0   0 255]
  [  0   0 255]]

 [[  0   0 255]
  [  0   0 255]
  [  0   0 255]
  ...
  [  0   0 255]
  [  0   0 255]
  [  0   0 255]]

 [[  0   0 255]
  [  0   0 255]
  [  0   0 255]
  ...
  [  0   0 255]
  [  0   0 255]
  [  0   0 255]]

 ...

 [[  0   0  25]
  [  0   0  27]
  [  0   0  29]
  ...
  [  0   0 255]
  [  0   0 255]
  [  0   0 255]]

 [[  0   0  24]
  [  0   0  28]
  [  0   0  32]
  ...
  [  0   0 255]
  [  0   0 255]
  [  0   0 255]]

 [[  0   0  24]
  [  0   0  28]
  [  0   0  31]
  ...
  [  0   0 255]
  [  0   0 255]
  [  0   0 255]]]