RGB: [[[255 255 255]
  [255 255 255]
  [255 255 255]
  ...
  [255 255 255]
  [255 255 255]
  [255 255 255]]

 [[255 255 255]
  [255 255 255]
  [255 255 255]
  ...
  [255 255 255]
  [255 255 255]
  [255 255 255]]

 [[255 255 255]
  [255 255 255]
  [255 255 255]
  ...
  [255 255 255]
  [255 255 255]
  [255 255 255]]

 ...

 [[ 25  25  25]
  [ 27  27  27]
  [ 29  29  29]
  ...
  [255 255 255]
  [255 255 255]
  [255 255 255]]

 [[ 24  24  24]
  [ 28  28  28]
  [ 32  32  32]
  ...
  [255 255 255]
  [255 255 255]
  [255 255 255]]

 [[ 24  24  24]
  [ 28  28  28]
  [ 31  31  31]
  ...
  [255 255 255]
  [255 255 255]
  [255 255 255]]]